          epoch;           loss;             PA;            MPA;          FWIoU;           Miou;
              1;        0.41536;         0.8843;         0.8503;        0.77221;        0.68096;
              2;        0.28819;         0.9132;        0.87046;        0.82561;        0.72965;
              3;        0.29017;        0.90384;        0.88798;        0.81716;        0.72359;
              4;        0.24543;        0.89395;          0.821;        0.77492;        0.71719;
              5;        0.22911;        0.91078;         0.8837;        0.82569;        0.73134;
              6;         0.1993;        0.89127;        0.82339;        0.76136;        0.71462;
              7;        0.17662;        0.91252;        0.86784;        0.81788;        0.74356;
              8;        0.33676;        0.89798;        0.85939;        0.80633;         0.6856;
              9;        0.25195;        0.88606;        0.83176;        0.77169;        0.68515;
             10;        0.21139;        0.91343;         0.8933;         0.8403;        0.74107;
             11;         0.2075;        0.90849;        0.87951;        0.82493;        0.73181;
             12;        0.20232;        0.93082;        0.90786;        0.86084;        0.76933;
             13;        0.18222;        0.92577;        0.89545;        0.85222;        0.75471;
             14;        0.17611;        0.81793;        0.86579;        0.72682;        0.65965;
             15;        0.16495;        0.92804;        0.90265;        0.85497;        0.77303;
             16;        0.16012;         0.9196;        0.90963;        0.85103;        0.75353;
             17;        0.16628;        0.90282;        0.85742;        0.80877;        0.69769;
             18;         0.1804;         0.9255;        0.88383;        0.85496;        0.74509;
             19;        0.18188;        0.93043;        0.91703;        0.86711;         0.7751;
             20;         0.1483;        0.93516;        0.90717;         0.8641;        0.78587;
             21;        0.13513;        0.91095;        0.91302;        0.84345;        0.75895;
             22;        0.12562;        0.94072;        0.92395;        0.88495;        0.79974;
             23;        0.13914;        0.93685;        0.91875;        0.86785;        0.79682;
             24;         0.1088;        0.94239;        0.91476;         0.8861;        0.80673;
             25;         0.1026;         0.9493;        0.93657;        0.90292;        0.82064;
             26;        0.14789;        0.93869;        0.90749;         0.8772;        0.78657;
             27;        0.10066;        0.94542;        0.93438;        0.89267;         0.8098;
             28;       0.091003;        0.94752;        0.93951;        0.89625;         0.8216;
             29;       0.088723;        0.94295;        0.92187;        0.89001;         0.7981;
             30;        0.13286;        0.94525;        0.93492;        0.89092;         0.8135;
             31;       0.093829;        0.94935;        0.93452;        0.90045;        0.82196;
             32;       0.080167;        0.94903;        0.93183;        0.90087;        0.81913;
             33;       0.075819;         0.9508;        0.93891;        0.90478;        0.82444;
             34;        0.07327;        0.95247;        0.94302;         0.9077;        0.83413;
             35;       0.071985;        0.95118;         0.9452;        0.90414;        0.83081;
             36;       0.068425;        0.95232;        0.94086;        0.90725;        0.83194;
             37;       0.069156;        0.95094;        0.93892;         0.9043;        0.82679;
             38;       0.069221;        0.94854;        0.93843;        0.89911;        0.82291;
             39;       0.071031;        0.93567;        0.93377;        0.88092;        0.79791;
             40;       0.071254;        0.95269;        0.94094;         0.9089;        0.82978;
             41;        0.19174;        0.93852;        0.91655;        0.87967;         0.7844;
             42;       0.097628;        0.95083;        0.94074;        0.90336;        0.82719;
             43;        0.07219;        0.95281;        0.94389;         0.9076;        0.83315;
             44;       0.065847;        0.95333;        0.94218;         0.9088;        0.83313;
             45;        0.06261;        0.95353;         0.9434;        0.90908;        0.83747;
             46;        0.06548;        0.95082;        0.93862;        0.90314;        0.82825;
             47;       0.063194;         0.9545;        0.94564;        0.91062;        0.84009;
             48;        0.05876;        0.95471;        0.94688;        0.91312;        0.84158;
             49;       0.056828;        0.95496;        0.94511;        0.91206;        0.84025;
             50;       0.075186;        0.65251;        0.66381;        0.51356;        0.41079;
             51;        0.12842;        0.95206;         0.9357;        0.91141;        0.82374;
             52;       0.064174;        0.95496;        0.94677;        0.91423;        0.83779;
             53;       0.058843;        0.95586;        0.94753;        0.91649;        0.84155;
             54;       0.057353;        0.95072;        0.93531;        0.90576;        0.82518;
             55;       0.056234;        0.95541;        0.94485;          0.915;         0.8399;
             56;       0.054405;        0.95597;        0.94682;        0.91624;          0.843;
             57;       0.053409;        0.95512;        0.94516;        0.91242;        0.84195;
             58;       0.052845;        0.95682;        0.94854;        0.92058;        0.84313;
             59;       0.053745;        0.95543;        0.94421;        0.91499;        0.84049;
             60;        0.05215;        0.95587;        0.94409;        0.91617;        0.84081;
             61;       0.051411;        0.95578;        0.94998;        0.91492;        0.84517;
             62;       0.050876;        0.95602;        0.94758;        0.91602;        0.84259;
             63;       0.050613;        0.95579;        0.94748;        0.91559;        0.84161;
             64;       0.050367;        0.95617;        0.94932;        0.91516;        0.84595;
             65;       0.050219;        0.95611;         0.9451;        0.91648;        0.84235;
             66;       0.049679;         0.9562;        0.94737;        0.91638;          0.844;
             67;        0.05025;        0.95627;        0.94642;         0.9162;        0.84319;
             68;       0.050852;        0.70905;        0.63051;         0.5256;        0.45821;
             69;       0.095451;        0.95489;        0.94436;        0.91273;        0.83932;
             70;       0.053496;        0.95556;         0.9481;        0.91459;        0.84328;
             71;       0.050068;        0.95599;        0.94778;        0.91452;        0.84547;
             72;       0.048218;        0.95603;        0.94706;        0.91514;        0.84331;
             73;       0.047403;        0.95651;        0.94714;         0.9172;        0.84438;
             74;        0.04762;        0.95567;        0.94536;        0.91401;        0.84273;
             75;       0.046965;        0.95621;        0.94533;        0.91502;        0.84411;
             76;       0.046528;        0.95113;        0.93039;        0.90762;        0.82091;
             77;       0.046835;        0.95696;        0.94832;        0.91789;        0.84587;
             78;       0.046335;        0.95595;        0.94736;        0.91388;        0.84476;
             79;       0.046058;        0.95562;        0.94452;        0.91375;        0.84343;
             80;       0.067023;        0.95477;        0.94526;        0.91159;        0.84081;
             81;       0.049057;        0.95582;        0.94718;        0.91445;        0.84511;
             82;       0.046721;        0.95602;        0.94654;        0.91452;        0.84527;
             83;       0.045856;        0.95617;        0.94683;        0.91553;        0.84435;
             84;       0.045262;        0.95631;        0.94647;          0.915;        0.84628;
             85;       0.045043;        0.95656;        0.94754;        0.91601;        0.84694;
             86;       0.044878;        0.95646;        0.94538;         0.9155;        0.84565;
             87;       0.046546;        0.95664;        0.94782;        0.91771;        0.84732;
             88;       0.045794;        0.95627;        0.94717;        0.91583;        0.84661;
             89;       0.044665;        0.95555;        0.94471;        0.91352;        0.84417;
             90;       0.044388;         0.9563;        0.94664;        0.91564;        0.84679;
             91;       0.044214;        0.95639;        0.94455;        0.91826;        0.84445;
             92;       0.044391;        0.95717;        0.94778;        0.91905;        0.84719;
             93;       0.044001;        0.95628;        0.94541;        0.91528;        0.84579;
             94;       0.058655;        0.95392;        0.94528;        0.91099;        0.83949;
             95;       0.047742;        0.95616;        0.94679;        0.91545;        0.84472;
             96;       0.044682;        0.95626;        0.94493;         0.9171;        0.84468;
             97;       0.043887;         0.9567;        0.94865;        0.91651;        0.84721;
             98;       0.043419;        0.95629;         0.9451;        0.91511;        0.84514;
             99;       0.043219;        0.95724;        0.94806;        0.91969;        0.84719;
            100;       0.043084;        0.95574;        0.94727;        0.91356;         0.8449;
            101;       0.043066;        0.95677;        0.94687;        0.91783;        0.84581;
            102;       0.042964;        0.95664;        0.94773;        0.91642;        0.84699;
            103;       0.043041;        0.95675;        0.94715;        0.91668;        0.84598;
            104;        0.04308;        0.95659;        0.94747;        0.91641;        0.84633;
            105;        0.04286;        0.95624;        0.94665;        0.91517;        0.84709;
            106;        0.04296;        0.95701;        0.94926;        0.91881;        0.84794;
            107;       0.042691;        0.95683;        0.94782;        0.91731;        0.84737;
            108;       0.043653;        0.95684;        0.94708;        0.91699;        0.84714;
            109;        0.04254;        0.95651;        0.94778;        0.91609;        0.84683;
            110;        0.04243;        0.95654;         0.9479;        0.91573;        0.84775;
            111;       0.042384;         0.9571;        0.94979;        0.91711;        0.85018;
            112;       0.042277;        0.95666;        0.94808;        0.91567;        0.84766;
            113;       0.042445;        0.95676;        0.94606;        0.91709;        0.84581;
            114;       0.042132;        0.95715;        0.94805;        0.91848;        0.84901;
            115;        0.04193;        0.95714;        0.94686;        0.91837;        0.84652;
            116;       0.041802;        0.95725;        0.94753;         0.9196;        0.84788;
            117;        0.04175;        0.95663;        0.94818;        0.91672;         0.8486;
            118;         0.0417;        0.95655;        0.94286;        0.91834;          0.844;
            119;       0.047068;        0.95454;        0.94433;        0.91088;        0.84143;
            120;       0.043749;        0.95698;        0.94574;        0.91773;        0.84702;
            121;       0.041929;        0.95635;          0.944;        0.91587;         0.8458;
            122;       0.041386;          0.957;         0.9482;        0.91716;        0.84842;
            123;       0.041094;        0.95692;        0.94906;        0.91722;        0.84871;
            124;       0.040977;        0.95754;        0.94829;        0.92041;        0.84914;
            125;       0.040895;        0.95713;        0.94869;        0.91759;         0.8484;
            126;       0.040884;        0.95661;        0.94707;        0.91638;        0.84741;
            127;       0.040783;        0.95713;        0.94747;          0.918;         0.8477;
            128;       0.040899;        0.95686;        0.94858;        0.91645;         0.8487;
            129;       0.040824;        0.95685;        0.94773;        0.91659;        0.84806;
            130;       0.040742;        0.95662;        0.94761;        0.91592;        0.84792;
            131;       0.040813;        0.95729;        0.94579;         0.9191;        0.84706;
            132;       0.040766;        0.95718;        0.94719;         0.9177;        0.84909;
            133;       0.040692;        0.95693;        0.94836;        0.91648;          0.849;
            134;       0.041145;        0.95699;        0.94605;        0.91858;        0.84815;
            135;       0.040767;        0.95648;        0.94787;        0.91619;        0.84649;
            136;       0.040631;        0.95702;        0.94645;        0.91761;        0.84746;
            137;       0.040593;         0.9574;        0.94865;        0.91871;        0.84897;
            138;       0.040583;        0.95722;        0.94732;        0.91787;        0.84857;
            139;        0.04048;        0.95725;        0.94646;        0.91908;        0.84802;
            140;        0.04047;        0.95719;        0.94705;        0.91929;        0.84819;
            141;       0.040463;        0.95774;        0.94922;        0.92039;        0.84927;
            142;       0.040403;        0.95699;        0.94746;        0.91716;        0.84842;
            143;       0.040361;        0.95688;        0.94889;        0.91706;        0.84934;
            144;       0.040392;        0.95672;        0.94825;        0.91576;         0.8484;
            145;       0.040291;         0.9571;        0.94886;        0.91781;        0.84915;
            146;       0.040194;         0.9568;        0.94843;        0.91621;        0.84845;
            147;       0.040201;        0.95709;        0.94748;        0.91846;        0.84802;
            148;       0.040705;        0.95747;        0.94849;        0.91953;        0.84955;
            149;       0.040348;        0.95724;        0.94763;        0.91843;         0.8486;
            150;       0.039977;        0.95687;        0.94488;        0.91701;        0.84673;
